PART 1. Data
 1.1. Path Labyrinth
   Y, V ^
       7 |   1   1   1   1   1   0   1
       6 |   0   0   0   0   0   0   0
       5 |   1   1   1   1   0   1   1
       4 |   1   0   0   0   2   1   1
       3 |   1   0   1   0   0   0   1
       2 |   1   0   0   0   1   0   1
       1 |   1   1   1   1   1   1   1
          -----------------------------> X, U
             1   2   3   4   5   6   7
 1.2. Initial position: X=5, Y=4. L=2.

PART 3. Results
 3.1. Path is found.
 3.2. Path graphically:
   Y, V ^
       7 |   1   1   1   1   1   0   1
       6 |   0   0   6   5   4   5   6
       5 |   1   1   1   1   3   1   1
       4 |   1   5   4   3   2   1   1
       3 |   1   6   1   4   3   4   1
       2 |   1   0   6   5   1   5   1
       1 |   1   1   1   1   1   1   1
          -----------------------------> X, U
             1   2   3   4   5   6   7
 3.3. Rules: R4, R4, R3, R3,
 3.4. Nodes: [X=5,Y=4], [X=5,Y=5], [X=5,Y=6], [X=6,Y=6], [X=7,Y=6],PART 1. Data
 1.1. Path Labyrinth
   Y, V ^
       9 |   1   1   1   1   1   1   1   1   1   1   1   1   1   1   1   1   1
       8 |   0   0   0   0   0   0   0   0   0   0   0   0   0   0   0   0   1
       7 |   1   1   1   1   1   1   1   1   1   1   1   1   1   1   1   0   1
       6 |   1   0   0   0   0   0   0   0   2   0   1   0   0   0   0   0   1
       5 |   1   0   1   0   1   0   1   0   1   0   1   0   1   1   1   1   1
       4 |   1   0   0   0   0   0   0   0   1   0   1   0   0   0   0   0   1
       3 |   1   0   1   0   1   0   1   0   1   0   1   1   1   1   1   0   1
       2 |   1   0   0   0   0   0   0   0   1   0   0   0   0   0   0   0   1
       1 |   1   1   1   1   1   1   1   1   1   1   1   1   1   1   1   1   1
          ---------------------------------------------------------------------> X, U
             1   2   3   4   5   6   7   8   9  10  11  12  13  14  15  16  17
 1.2. Initial position: X=9, Y=6. L=2.

PART 3. Results
 3.1. Path is found.
 3.2. Path graphically:
   Y, V ^
       9 |   1   1   1   1   1   1   1   1   1   1   1   1   1   1   1   1   1
       8 |  42  41  40  39  38  37  36  35  34  33  32  31  30  29  28  27   1
       7 |   1   1   1   1   1   1   1   1   1   1   1   1   1   1   1  26   1
       6 |   1   9   8   7   6   5   4   3   2   3   1  21  22  23  24  25   1
       5 |   1  10   1   8   1   6   1   4   1   4   1  20   1   1   1   1   1
       4 |   1  11  10   9   8   7   6   5   1   5   1  19  18  17  16  15   1
       3 |   1  12   1  10   1   8   1   6   1   6   1   1   1   1   1  14   1
       2 |   1  13  12  11  10   9   8   7   1   7   8   9  10  11  12  13   1
       1 |   1   1   1   1   1   1   1   1   1   1   1   1   1   1   1   1   1
          ---------------------------------------------------------------------> X, U
             1   2   3   4   5   6   7   8   9  10  11  12  13  14  15  16  17
 3.3. Rules: R2, R2, R2, R2, R2, R2, R2, R2, R2, R2, R2, R2, R2, R2, R2, R3, R3, R4, R4, R4, R4, R3, R3, R2, R2, R2, R2, R3, R3, R4, R4, R4, R4, R4, R4, R1, R1, R1, R1, R4,
 3.4. Nodes: [X=9,Y=6], [X=10,Y=6], [X=10,Y=5], [X=10,Y=4], [X=10,Y=3], [X=10,Y=2], [X=11,Y=2], [X=12,Y=2], [X=13,Y=2], [X=14,Y=2], [X=15,Y=2], [X=16,Y=2], [X=16,Y=3], [X=16,Y=4], [X=15,Y=4], [X=14,Y=4], [X=13,Y=4], [X=12,Y=4], [X=12,Y=5], [X=12,Y=6], [X=13,Y=6], [X=14,Y=6], [X=15,Y=6], [X=16,Y=6], [X=16,Y=7], [X=16,Y=8], [X=15,Y=8], [X=14,Y=8], [X=13,Y=8], [X=12,Y=8], [X=11,Y=8], [X=10,Y=8], [X=9,Y=8], [X=8,Y=8], [X=7,Y=8], [X=6,Y=8], [X=5,Y=8], [X=4,Y=8], [X=3,Y=8], [X=2,Y=8], [X=1,Y=8],PART 1. Data
 1.1. Path Labyrinth
   Y, V ^
       9 |   1   1   1   1   1   1   1   1   1   1   1   1   1   1   1   1   1
       8 |   0   0   0   0   0   0   0   0   0   0   0   0   0   0   0   0   1
       7 |   1   1   1   1   1   1   1   1   1   1   1   1   1   1   1   0   1
       6 |   1   0   0   0   0   0   0   0   2   0   1   0   0   0   0   0   1
       5 |   1   0   1   0   1   0   1   0   1   0   1   0   1   1   1   1   1
       4 |   1   0   0   0   0   0   0   0   1   0   1   0   0   0   0   0   1
       3 |   1   0   1   0   1   0   1   0   1   0   1   1   1   1   1   0   1
       2 |   1   0   0   0   0   0   0   0   1   0   0   0   0   0   0   0   1
       1 |   1   1   1   1   1   1   1   1   1   1   1   1   1   1   1   1   1
          ---------------------------------------------------------------------> X, U
             1   2   3   4   5   6   7   8   9  10  11  12  13  14  15  16  17
 1.2. Initial position: X=9, Y=6. L=2.

PART 3. Results
 3.1. Path is found.
 3.2. Path graphically:
   Y, V ^
       9 |   1   1   1   1   1   1   1   1   1   1   1   1   1   1   1   1   1
       8 |  42  41  40  39  38  37  36  35  34  33  32  31  30  29  28  27   1
       7 |   1   1   1   1   1   1   1   1   1   1   1   1   1   1   1  26   1
       6 |   1   9   8   7   6   5   4   3   2   3   1  21  22  23  24  25   1
       5 |   1  10   1   8   1   6   1   4   1   4   1  20   1   1   1   1   1
       4 |   1  11  10   9   8   7   6   5   1   5   1  19  18  17  16  15   1
       3 |   1  12   1  10   1   8   1   6   1   6   1   1   1   1   1  14   1
       2 |   1  13  12  11  10   9   8   7   1   7   8   9  10  11  12  13   1
       1 |   1   1   1   1   1   1   1   1   1   1   1   1   1   1   1   1   1
          ---------------------------------------------------------------------> X, U
             1   2   3   4   5   6   7   8   9  10  11  12  13  14  15  16  17
 3.3. Rules: R2, R2, R2, R2, R2, R2, R2, R2, R2, R2, R2, R2, R2, R2, R2, R3, R3, R4, R4, R4, R4, R3, R3, R2, R2, R2, R2, R3, R3, R4, R4, R4, R4, R4, R4, R1, R1, R1, R1, R4,
 3.4. Nodes: [X=9,Y=6], [X=10,Y=6], [X=10,Y=5], [X=10,Y=4], [X=10,Y=3], [X=10,Y=2], [X=11,Y=2], [X=12,Y=2], [X=13,Y=2], [X=14,Y=2], [X=15,Y=2], [X=16,Y=2], [X=16,Y=3], [X=16,Y=4], [X=15,Y=4], [X=14,Y=4], [X=13,Y=4], [X=12,Y=4], [X=12,Y=5], [X=12,Y=6], [X=13,Y=6], [X=14,Y=6], [X=15,Y=6], [X=16,Y=6], [X=16,Y=7], [X=16,Y=8], [X=15,Y=8], [X=14,Y=8], [X=13,Y=8], [X=12,Y=8], [X=11,Y=8], [X=10,Y=8], [X=9,Y=8], [X=8,Y=8], [X=7,Y=8], [X=6,Y=8], [X=5,Y=8], [X=4,Y=8], [X=3,Y=8], [X=2,Y=8], [X=1,Y=8],PART 1. Data
 1.1. Path Labyrinth
   Y, V ^
      19 |   1   1   1   1   1   1   1   1   1   1   1   1   1   1   1   1   1   1   1   1   1   1   1   1   1   0   1
      18 |   1   1   0   1   0   1   0   1   0   1   1   0   0   1   1   0   0   1   1   1   1   0   0   0   1   0   1
      17 |   1   1   0   0   0   0   0   0   0   0   1   0   0   0   0   0   0   0   0   0   1   0   1   0   1   0   1
      16 |   1   1   1   1   1   1   0   0   0   1   0   1   1   0   1   0   1   1   0   0   1   0   1   0   1   0   1
      15 |   1   1   1   1   1   0   0   0   1   1   0   0   1   0   0   0   1   1   1   0   0   0   1   0   1   0   0
      14 |   1   1   0   0   0   0   0   0   0   1   0   0   0   0   0   0   0   0   0   1   0   1   1   0   1   0   1
      13 |   1   1   0   1   0   1   0   1   0   1   0   1   0   1   0   1   0   1   0   0   0   1   0   0   1   0   1
      12 |   1   1   0   0   0   0   0   0   0   0   0   0   0   0   0   0   0   1   0   1   1   0   0   1   1   0   1
      11 |   1   1   1   1   1   1   1   1   1   1   1   1   1   1   1   1   0   1   0   0   1   0   0   1   1   0   1
      10 |   1   1   0   0   0   0   0   0   0   0   0   1   0   0   0   0   0   1   0   1   1   1   0   0   1   0   1
       9 |   1   1   0   1   0   1   0   1   0   1   0   1   0   1   1   1   1   1   0   0   1   0   1   0   1   0   1
       8 |   1   1   0   0   0   0   0   0   0   1   0   1   0   0   0   0   0   1   1   0   1   1   0   0   1   0   1
       7 |   1   1   0   1   0   1   0   1   0   1   0   1   1   1   1   1   0   1   0   0   1   1   0   1   1   0   1
       6 |   1   1   2   0   0   0   0   0   0   1   0   0   0   0   0   0   0   0   0   1   1   1   0   0   1   0   1
       5 |   1   1   1   1   1   1   1   1   1   1   1   1   1   1   1   1   1   1   1   1   1   1   1   0   1   0   1
       4 |   1   0   0   0   0   0   0   0   0   0   0   0   0   0   0   0   0   0   0   0   0   0   0   0   1   0   1
       3 |   1   0   1   1   1   0   1   0   1   0   1   0   1   1   1   1   1   1   1   1   1   1   1   1   1   0   1
       2 |   1   0   0   0   0   0   0   0   0   0   0   0   0   0   0   0   0   0   0   0   0   0   0   0   0   0   1
       1 |   1   1   1   1   1   1   1   1   1   1   1   1   1   1   1   1   1   1   1   1   1   1   1   1   1   1   1
          -------------------------------------------------------------------------------------------------------------> X, U
             1   2   3   4   5   6   7   8   9  10  11  12  13  14  15  16  17  18  19  20  21  22  23  24  25  26  27
 1.2. Initial position: X=3, Y=6. L=2.

PART 3. Results
 3.1. Path is found.
 3.2. Path graphically:
   Y, V ^
      19 |   1   1   1   1   1   1   1   1   1   1   1   1   1   1   1   1   1   1   1   1   1   1   1   1   1   0   1
      18 |   1   1  58   1  56   1  54   1  54   1   1  47  46   1   1  43  44   1   1   1   1  43  44  45   1   0   1
      17 |   1   1  57  56  55  54  53  52  53  54   1  46  45  44  43  42  43  44  43  42   1  42   1  46   1   0   1
      16 |   1   1   1   1   1   1  52  51  52   1  46   1   1  43   1  41   1   1  42  41   1  41   1  47   1   0   1
      15 |   1   1   1   1   1  52  51  50   1   1  45  44   1  42  41  40   1   1   1  40  39  40   1  48   1 104 105
      14 |   1   1  54  53  52  51  50  49  48   1  44  43  42  41  40  39  38  37  36   1  38   1   1  49   1 103   1
      13 |   1   1  53   1  51   1  49   1  47   1  45   1  43   1  41   1  39   1  35  36  37   1  51  50   1 102   1
      12 |   1   1  52  51  50  49  48  47  46  45  44  43  42  41  40  39  38   1  34   1   1  53  52   1   1 101   1
      11 |   1   1   1   1   1   1   1   1   1   1   1   1   1   1   1   1  37   1  33  34   1  54  53   1   1 100   1
      10 |   1   1   6   7   8   9  10  11  12  13  14   1  32  33  34  35  36   1  32   1   1   1  54  55   1  99   1
       9 |   1   1   5   1   7   1   9   1  11   1  15   1  31   1   1   1   1   1  31  30   1   0   1  56   1  98   1
       8 |   1   1   4   5   6   7   8   9  10   1  16   1  30  29  28  27  26   1   1  29   1   1  58  57   1  97   1
       7 |   1   1   3   1   5   1   7   1   9   1  17   1   1   1   1   1  25   1  27  28   1   1  59   1   1  96   1
       6 |   1   1   2   3   4   5   6   7   8   1  18  19  20  21  22  23  24  25  26   1   1   1  60  61   1  95   1
       5 |   1   1   1   1   1   1   1   1   1   1   1   1   1   1   1   1   1   1   1   1   1   1   1  62   1  94   1
       4 |   1  85  84  83  82  81  80  79  78  77  76  75  74  73  72  71  70  69  68  67  66  65  64  63   1  93   1
       3 |   1  86   1   1   1  82   1  80   1  78   1  76   1   1   1   1   1   1   1   1   1   1   1   1   1  92   1
       2 |   1  87  86  85  84  83  82  81  80  79  78  77  78  79  80  81  82  83  84  85  86  87  88  89  90  91   1
       1 |   1   1   1   1   1   1   1   1   1   1   1   1   1   1   1   1   1   1   1   1   1   1   1   1   1   1   1
          -------------------------------------------------------------------------------------------------------------> X, U
             1   2   3   4   5   6   7   8   9  10  11  12  13  14  15  16  17  18  19  20  21  22  23  24  25  26  27
 3.3. Rules: R4, R3, R3, R3, R3, R3, R3, R3, R3, R3, R3, R3, R3, R3, R4, R4, R4, R4, R4, R4, R4, R4, R4, R4, R4, R4, R4, R4, R1, R1, R2, R2, R2, R2, R2, R2, R2, R2, R2, R2, R2, R2, R1, R1, R4, R1, R1, R2, R1, R1, R4, R1, R1, R1, R2, R1, R1, R1, R1, R1, R4, R4, R3, R3, R3, R4, R3, R3, R4, R4, R3, R3, R3, R3, R2, R3, R3, R4, R3, R4, R4, R4, R4, R4, R4, R4, R4, R1, R1, R1, R1, R4, R4, R3, R3, R3, R3, R4, R4, R4, R4, R4, R4,
 3.4. Nodes: [X=3,Y=6], [X=4,Y=6], [X=5,Y=6], [X=6,Y=6], [X=7,Y=6], [X=8,Y=6], [X=9,Y=6], [X=9,Y=7], [X=9,Y=8], [X=9,Y=9], [X=9,Y=10], [X=10,Y=10], [X=11,Y=10], [X=11,Y=9], [X=11,Y=8], [X=11,Y=7], [X=11,Y=6], [X=12,Y=6], [X=13,Y=6], [X=14,Y=6], [X=15,Y=6], [X=16,Y=6], [X=17,Y=6], [X=18,Y=6], [X=19,Y=6], [X=19,Y=7], [X=20,Y=7], [X=20,Y=8], [X=20,Y=9], [X=19,Y=9], [X=19,Y=10], [X=19,Y=11], [X=19,Y=12], [X=19,Y=13], [X=20,Y=13], [X=21,Y=13], [X=21,Y=14], [X=21,Y=15], [X=22,Y=15], [X=22,Y=16], [X=22,Y=17], [X=22,Y=18], [X=23,Y=18], [X=24,Y=18], [X=24,Y=17], [X=24,Y=16], [X=24,Y=15], [X=24,Y=14], [X=24,Y=13], [X=23,Y=13], [X=23,Y=12], [X=23,Y=11], [X=23,Y=10], [X=24,Y=10], [X=24,Y=9], [X=24,Y=8], [X=23,Y=8], [X=23,Y=7], [X=23,Y=6], [X=24,Y=6], [X=24,Y=5], [X=24,Y=4], [X=23,Y=4], [X=22,Y=4], [X=21,Y=4], [X=20,Y=4], [X=19,Y=4], [X=18,Y=4], [X=17,Y=4], [X=16,Y=4], [X=15,Y=4], [X=14,Y=4], [X=13,Y=4], [X=12,Y=4], [X=12,Y=3], [X=12,Y=2], [X=13,Y=2], [X=14,Y=2], [X=15,Y=2], [X=16,Y=2], [X=17,Y=2], [X=18,Y=2], [X=19,Y=2], [X=20,Y=2], [X=21,Y=2], [X=22,Y=2], [X=23,Y=2], [X=24,Y=2], [X=25,Y=2], [X=26,Y=2], [X=26,Y=3], [X=26,Y=4], [X=26,Y=5], [X=26,Y=6], [X=26,Y=7], [X=26,Y=8], [X=26,Y=9], [X=26,Y=10], [X=26,Y=11], [X=26,Y=12], [X=26,Y=13], [X=26,Y=14], [X=26,Y=15], [X=27,Y=15],